C:/Users/matteo/Documents/GitHub/tesiVortexRing/Airfoils Betzina/SELIG/grezzi/rR506ref.dat
 1.0000000     0.0024000
 0.9997129     0.0033599
 0.9992108     0.0047235
 0.9986210     0.0059997
 0.9979404     0.0071916
 0.9971647     0.0083010
 0.9962878     0.0093289
 0.9953020     0.0102752
 0.9942007     0.0111422
 0.9929839     0.0119397
 0.9916522     0.0126790
 0.9902063     0.0133724
 0.9886482     0.0140342
 0.9869819     0.0146816
 0.9852155     0.0153362
 0.9833629     0.0160242
 0.9814290     0.0167607
 0.9794075     0.0175492
 0.9772919     0.0183931
 0.9750754     0.0192950
 0.9727510     0.0202574
 0.9703118     0.0212817
 0.9677511     0.0223683
 0.9650617     0.0235160
 0.9622363     0.0247222
 0.9592659     0.0259828
 0.9561382     0.0272922
 0.9528349     0.0286446
 0.9493272     0.0300350
 0.9455796     0.0314675
 0.9415510     0.0329534
 0.9371887     0.0345076
 0.9324243     0.0361500
 0.9271673     0.0379083
 0.9212978     0.0398209
 0.9146596     0.0419420
 0.9070684     0.0443448
 0.8983733     0.0471082
 0.8885589     0.0502404
 0.8777984     0.0536526
 0.8663744     0.0572025
 0.8544242     0.0607806
 0.8416881     0.0644017
 0.8276164     0.0682237
 0.8117056     0.0724174
 0.7942150     0.0769873
 0.7765474     0.0815476
 0.7595403     0.0857992
 0.7429508     0.0897410
 0.7260798     0.0935353
 0.7085006     0.0973102
 0.6903582     0.1010672
 0.6722317     0.1046822
 0.6544218     0.1080738
 0.6368294     0.1112474
 0.6192672     0.1142393
 0.6017376     0.1170543
 0.5843988     0.1196647
 0.5673422     0.1220447
 0.5505129     0.1241909
 0.5337374     0.1261151
 0.5167906     0.1278494
 0.4994700     0.1294242
 0.4816036     0.1308632
 0.4631377     0.1321941
 0.4443161     0.1334364
 0.4257101     0.1345729
 0.4078516     0.1355396
 0.3909908     0.1362999
 0.3751388     0.1368358
 0.3601276     0.1371353
 0.3457033     0.1371901
 0.3316005     0.1369984
 0.3176558     0.1365719
 0.3038385     0.1359209
 0.2902302     0.1350608
 0.2769701     0.1340068
 0.2641158     0.1327618
 0.2516174     0.1313210
 0.2393520     0.1296677
 0.2271771     0.1277875
 0.2150450     0.1256870
 0.2030385     0.1233952
 0.1913520     0.1209708
 0.1802145     0.1184753
 0.1697303     0.1159265
 0.1598630     0.1133174
 0.1505114     0.1106264
 0.1415539     0.1078256
 0.1328926     0.1049091
 0.1244940     0.1018938
 0.1163750     0.0988115
 0.1085829     0.0957062
 0.1011754     0.0926274
 0.0942035     0.0896207
 0.0877036     0.0867106
 0.0816881     0.0839092
 0.0761455     0.0812220
 0.0710483     0.0786492
 0.0663606     0.0761872
 0.0620437     0.0738304
 0.0580593     0.0715715
 0.0543717     0.0694034
 0.0509487     0.0673188
 0.0477634     0.0653113
 0.0447934     0.0633762
 0.0420196     0.0615095
 0.0394252     0.0597079
 0.0369949     0.0579681
 0.0347147     0.0562870
 0.0325724     0.0546614
 0.0305573     0.0530873
 0.0286588     0.0515607
 0.0268672     0.0500773
 0.0251733     0.0486332
 0.0235689     0.0472249
 0.0220465     0.0458490
 0.0205996     0.0445025
 0.0192222     0.0431828
 0.0179091     0.0418874
 0.0166555     0.0406141
 0.0154574     0.0393609
 0.0143111     0.0381260
 0.0132151     0.0369070
 0.0121685     0.0357024
 0.0111710     0.0345115
 0.0102220     0.0333338
 0.0093215     0.0321695
 0.0084688     0.0310190
 0.0076634     0.0298828
 0.0069045     0.0287614
 0.0061911     0.0276555
 0.0055220     0.0265657
 0.0048957     0.0254925
 0.0043111     0.0244364
 0.0037679     0.0233985
 0.0032655     0.0223790
 0.0028030     0.0213775
 0.0023791     0.0203931
 0.0019926     0.0194246
 0.0016424     0.0184706
 0.0013274     0.0175297
 0.0010466     0.0166002
 0.0007993     0.0156806
 0.0005849     0.0147691
 0.0004030     0.0138640
 0.0002536     0.0129637
 0.0001367     0.0120661
 0.0000528     0.0111694
 0.0000025     0.0102716
-0.0000133     0.0093704
 0.0000055     0.0084646
 0.0000589     0.0075532
 0.0001474     0.0066355
 0.0002718     0.0057113
 0.0004330     0.0047804
 0.0006324     0.0038429
 0.0008713     0.0028997
 0.0011514     0.0019517
 0.0014741     0.0010006
 0.0018404     0.0000468
 0.0022509    -0.0009099
 0.0027062    -0.0018694
 0.0032066    -0.0028320
 0.0037529    -0.0037977
 0.0043452    -0.0047667
 0.0049840    -0.0057391
 0.0056695    -0.0067150
 0.0064017    -0.0076945
 0.0071806    -0.0086778
 0.0080060    -0.0096651
 0.0088774    -0.0106565
 0.0097940    -0.0116522
 0.0107548    -0.0126523
 0.0117587    -0.0136570
 0.0128070    -0.0146665
 0.0139020    -0.0156812
 0.0150464    -0.0167014
 0.0162428    -0.0177275
 0.0174941    -0.0187599
 0.0188035    -0.0197991
 0.0201743    -0.0208457
 0.0216103    -0.0219003
 0.0231151    -0.0229639
 0.0246931    -0.0240373
 0.0263487    -0.0251216
 0.0280867    -0.0262181
 0.0299122    -0.0273285
 0.0318309    -0.0284546
 0.0338496    -0.0295975
 0.0359761    -0.0307583
 0.0382188    -0.0319383
 0.0405870    -0.0331388
 0.0430907    -0.0343614
 0.0457407    -0.0356079
 0.0485484    -0.0368803
 0.0515263    -0.0381811
 0.0546871    -0.0395134
 0.0580442    -0.0408808
 0.0616113    -0.0422879
 0.0654048    -0.0437371
 0.0694570    -0.0452118
 0.0738127    -0.0466972
 0.0785170    -0.0481995
 0.0836181    -0.0497286
 0.0891612    -0.0512970
 0.0951774    -0.0529147
 0.1016835    -0.0545717
 0.1086920    -0.0562474
 0.1162262    -0.0579198
 0.1243452    -0.0595744
 0.1331299    -0.0612087
 0.1426399    -0.0628184
 0.1528678    -0.0643893
 0.1637329    -0.0658853
 0.1751559    -0.0672675
 0.1871365    -0.0685086
 0.1998285    -0.0695999
 0.2134741    -0.0705567
 0.2282324    -0.0713944
 0.2439484    -0.0721284
 0.2599521    -0.0727459
 0.2756405    -0.0731807
 0.2909773    -0.0733906
 0.3063923    -0.0733476
 0.3224867    -0.0730641
 0.3396668    -0.0725638
 0.3578166    -0.0718959
 0.3761019    -0.0711053
 0.3939500    -0.0701762
 0.4115071    -0.0690697
 0.4292913    -0.0677992
 0.4475786    -0.0664646
 0.4661440    -0.0651903
 0.4845644    -0.0639480
 0.5027956    -0.0626242
 0.5211716    -0.0611331
 0.5400005    -0.0595358
 0.5591864    -0.0579574
 0.5783102    -0.0564364
 0.5972265    -0.0548807
 0.6162358    -0.0531706
 0.6358660    -0.0512926
 0.6563390    -0.0493570
 0.6774275    -0.0474213
 0.6988490    -0.0454616
 0.7204526    -0.0434435
 0.7421135    -0.0413732
 0.7635626    -0.0392854
 0.7844243    -0.0372141
 0.8043463    -0.0351863
 0.8230521    -0.0332362
 0.8402440    -0.0314229
 0.8556877    -0.0297889
 0.8692890    -0.0283286
 0.8811063    -0.0270231
 0.8913423    -0.0258512
 0.9002535    -0.0247908
 0.9080808    -0.0238257
 0.9150050    -0.0229581
 0.9211507    -0.0221899
 0.9266252    -0.0215158
 0.9315266    -0.0209267
 0.9359418    -0.0204095
 0.9399426    -0.0199350
 0.9435931    -0.0194769
 0.9469486    -0.0190185
 0.9500544    -0.0185495
 0.9529470    -0.0180632
 0.9556558    -0.0175552
 0.9582049    -0.0170227
 0.9606135    -0.0164636
 0.9628979    -0.0158766
 0.9650716    -0.0152613
 0.9671495    -0.0146258
 0.9691464    -0.0139844
 0.9710740    -0.0133489
 0.9729414    -0.0127290
 0.9747562    -0.0121329
 0.9765244    -0.0115672
 0.9782510    -0.0110373
 0.9799400    -0.0105474
 0.9815949    -0.0101010
 0.9832187    -0.0097003
 0.9848134    -0.0093466
 0.9863709    -0.0090243
 0.9878751    -0.0087026
 0.9893131    -0.0083541
 0.9906750    -0.0079555
 0.9919531    -0.0074857
 0.9931409    -0.0069257
 0.9942356    -0.0062617
 0.9952424    -0.0054932
 0.9961668    -0.0046207
 0.9970132    -0.0036433
 0.9977846    -0.0025591
 0.9984834    -0.0013646
 0.9991109    -0.0000554
 0.9996679     0.0013749
 1.0000000     0.0024000
