     1.000000    0.000000
     0.998880    0.002813
     0.995957    0.005635
     0.992460    0.007753
     0.988651    0.009685
     0.984516    0.011529
     0.980045    0.013376
     0.975233    0.015255
     0.970057    0.017147
     0.964474    0.019041
     0.958456    0.020980
     0.952016    0.022982
     0.945171    0.025035
     0.937945    0.027132
     0.930371    0.029266
     0.922493    0.031435
     0.914362    0.033626
     0.906024    0.035830
     0.897518    0.038038
     0.888877    0.040244
     0.880132    0.042446
     0.871310    0.044640
     0.862444    0.046820
     0.853556    0.048978
     0.844657    0.051109
     0.835758    0.053207
     0.826860    0.055270
     0.817963    0.057296
     0.809067    0.059284
     0.800169    0.061235
     0.791268    0.063148
     0.782363    0.065023
     0.773454    0.066859
     0.764536    0.068658
     0.755609    0.070420
     0.746671    0.072145
     0.737720    0.073833
     0.728752    0.075486
     0.719763    0.077104
     0.710751    0.078691
     0.701713    0.080246
     0.692650    0.081774
     0.683560    0.083274
     0.674446    0.084750
     0.665307    0.086201
     0.656147    0.087630
     0.646969    0.089036
     0.637776    0.090422
     0.628575    0.091788
     0.619373    0.093132
     0.610177    0.094453
     0.600992    0.095748
     0.591821    0.097017
     0.582669    0.098257
     0.573542    0.099466
     0.564444    0.100642
     0.555378    0.101779
     0.546338    0.102875
     0.537317    0.103925
     0.528302    0.104929
     0.519276    0.105889
     0.510233    0.106812
     0.501176    0.107702
     0.492122    0.108564
     0.483097    0.109397
     0.474129    0.110192
     0.465229    0.110940
     0.456400    0.111633
     0.447639    0.112264
     0.438937    0.112826
     0.430277    0.113315
     0.421637    0.113730
     0.413005    0.114075
     0.404374    0.114352
     0.395742    0.114564
     0.387112    0.114712
     0.378492    0.114799
     0.369889    0.114820
     0.361306    0.114774
     0.352740    0.114658
     0.344189    0.114468
     0.335640    0.114202
     0.327079    0.113859
     0.318495    0.113442
     0.309883    0.112957
     0.301249    0.112409
     0.292601    0.111804
     0.283960    0.111149
     0.275360    0.110447
     0.266826    0.109692
     0.258372    0.108878
     0.249998    0.107995
     0.241701    0.107036
     0.233466    0.105994
     0.225275    0.104865
     0.217121    0.103650
     0.208998    0.102351
     0.200906    0.100968
     0.192847    0.099504
     0.184828    0.097958
     0.176856    0.096332
     0.168934    0.094624
     0.161067    0.092832
     0.153256    0.090955
     0.145502    0.088991
     0.137805    0.086939
     0.130164    0.084798
     0.122582    0.082574
     0.115074    0.080277
     0.107662    0.077920
     0.100383    0.075522
     0.093280    0.073105
     0.086410    0.070695
     0.079828    0.068308
     0.073574    0.065954
     0.067670    0.063641
     0.062131    0.061380
     0.056963    0.059180
     0.052162    0.057050
     0.047719    0.054998
     0.043621    0.053028
     0.039847    0.051138
     0.036377    0.049324
     0.033186    0.047583
     0.030249    0.045909
     0.027544    0.044301
     0.025047    0.042754
     0.022740    0.041264
     0.020605    0.039830
     0.018625    0.038449
     0.016785    0.037117
     0.015072    0.035833
     0.013474    0.034595
     0.011980    0.033401
     0.010587    0.032242
     0.009291    0.031109
     0.008091    0.029993
     0.006983    0.028888
     0.005966    0.027789
     0.005036    0.026692
     0.004193    0.025597
     0.003432    0.024503
     0.002752    0.023410
     0.002149    0.022321
     0.001622    0.021235
     0.001168    0.020155
     0.000789    0.019082
     0.000483    0.018017
     0.000251    0.016962
     0.000094    0.015919
     0.000012    0.014894
     0.000002    0.013876
     0.000045    0.012844
     0.000139    0.011792
     0.000285    0.010723
     0.000488    0.009638
     0.000753    0.008539
     0.001083    0.007429
     0.001484    0.006313
     0.001960    0.005192
     0.002512    0.004069
     0.003142    0.002947
     0.003853    0.001828
     0.004645    0.000713
     0.005523   -0.000394
     0.006488   -0.001492
     0.007542   -0.002581
     0.008687   -0.003661
     0.009924   -0.004735
     0.011254   -0.005806
     0.012681   -0.006878
     0.014206   -0.007953
     0.015837   -0.009031
     0.017580   -0.010115
     0.019441   -0.011203
     0.021430   -0.012295
     0.023556   -0.013389
     0.025831   -0.014484
     0.028264   -0.015577
     0.030869   -0.016668
     0.033657   -0.017754
     0.036642   -0.018828
     0.039842   -0.019882
     0.043274   -0.020907
     0.046960   -0.021897
     0.050921   -0.022847
     0.055184   -0.023755
     0.059772   -0.024621
     0.064713   -0.025445
     0.070025   -0.026236
     0.075712   -0.027000
     0.081761   -0.027731
     0.088157   -0.028406
     0.094895   -0.029007
     0.101987   -0.029523
     0.109450   -0.029969
     0.117273   -0.030370
     0.125398   -0.030749
     0.133734   -0.031100
     0.142236   -0.031400
     0.150897   -0.031642
     0.159720   -0.031833
     0.168703   -0.031984
     0.177837   -0.032107
     0.187103   -0.032213
     0.196469   -0.032315
     0.205896   -0.032412
     0.215362   -0.032505
     0.224847   -0.032593
     0.234333   -0.032676
     0.243809   -0.032750
     0.253269   -0.032812
     0.262710   -0.032861
     0.272136   -0.032891
     0.281554   -0.032901
     0.290980   -0.032888
     0.300430   -0.032856
     0.309908   -0.032812
     0.319400   -0.032765
     0.328886   -0.032722
     0.338357   -0.032692
     0.347821   -0.032673
     0.357265   -0.032655
     0.366663   -0.032628
     0.376010   -0.032580
     0.385321   -0.032499
     0.394631   -0.032381
     0.403972   -0.032233
     0.413343   -0.032071
     0.422710   -0.031912
     0.432046   -0.031769
     0.441364   -0.031659
     0.450694   -0.031580
     0.460048   -0.031518
     0.469397   -0.031455
     0.478709   -0.031375
     0.487993   -0.031259
     0.497292   -0.031104
     0.506633   -0.030921
     0.516009   -0.030726
     0.525386   -0.030535
     0.534749   -0.030365
     0.544118   -0.030221
     0.553500   -0.030090
     0.562864   -0.029954
     0.572187   -0.029799
     0.581484   -0.029609
     0.590798   -0.029379
     0.600157   -0.029121
     0.609565   -0.028846
     0.619003   -0.028566
     0.628443   -0.028296
     0.637893   -0.028044
     0.647364   -0.027806
     0.656847   -0.027571
     0.666317   -0.027333
     0.675765   -0.027082
     0.685196   -0.026811
     0.694636   -0.026516
     0.704101   -0.026205
     0.713586   -0.025886
     0.723073   -0.025570
     0.732554   -0.025265
     0.742034   -0.024971
     0.751506   -0.024681
     0.760947   -0.024384
     0.770350   -0.024073
     0.779722   -0.023737
     0.789094   -0.023369
     0.798493   -0.022977
     0.807922   -0.022572
     0.817354   -0.022168
     0.826772   -0.021780
     0.836190   -0.021411
     0.845609   -0.021053
     0.855004   -0.020697
     0.864342   -0.020335
     0.873605   -0.019958
     0.882784   -0.019558
     0.891881   -0.019134
     0.900871   -0.018695
     0.909696   -0.018255
     0.918272   -0.017824
     0.926502   -0.017414
     0.934296   -0.017034
     0.941582   -0.016682
     0.948309   -0.016331
     0.954487   -0.015953
     0.960156   -0.015534
     0.965361   -0.015070
     0.970143   -0.014560
     0.974544   -0.013959
     0.978622   -0.013182
     0.982434   -0.012156
     0.986029   -0.010817
     0.989483   -0.009219
     0.992860   -0.007490
     0.996085   -0.005523
     0.998854   -0.002770
     1.000000    0.000000
