 1.0000000     0.0000000
 0.9998808     0.0017153
 0.9993948     0.0040611
 0.9985597     0.0061863
 0.9973797     0.0081304
 0.9958897     0.0099155
 0.9941661     0.0115484
 0.9922636     0.0130620
 0.9902159     0.0145287
 0.9880555     0.0160134
 0.9857814     0.0175320
 0.9833841     0.0190910
 0.9808534     0.0206980
 0.9781783     0.0223623
 0.9753474     0.0240947
 0.9723492     0.0259083
 0.9691733     0.0278175
 0.9658068     0.0298330
 0.9622333     0.0319613
 0.9584356     0.0342083
 0.9543950     0.0365799
 0.9500906     0.0390816
 0.9454982     0.0417190
 0.9405865     0.0444994
 0.9353112     0.0474342
 0.9296034     0.0505449
 0.9233622     0.0538740
 0.9164491     0.0574851
 0.9086722     0.0614667
 0.8997692     0.0659423
 0.8894155     0.0710684
 0.8773162     0.0769761
 0.8632925     0.0837008
 0.8472539     0.0912078
 0.8287453     0.0996016
 0.8062951     0.1094457
 0.7783691     0.1213225
 0.7467563     0.1343139
 0.7124980     0.1477547
 0.6757233     0.1615872
 0.6420001     0.1737297
 0.6123417     0.1838553
 0.5856822     0.1924411
 0.5615797     0.1997293
 0.5393078     0.2060156
 0.5181432     0.2115755
 0.4981023     0.2164867
 0.4796591     0.2207054
 0.4628978     0.2242414
 0.4474298     0.2272042
 0.4327910     0.2297105
 0.4186779     0.2318531
 0.4050052     0.2336800
 0.3918243     0.2352153
 0.3792519     0.2364748
 0.3673543     0.2374656
 0.3560921     0.2382025
 0.3453707     0.2387048
 0.3350809     0.2389909
 0.3251386     0.2390805
 0.3154981     0.2389898
 0.3061404     0.2387320
 0.2970634     0.2383197
 0.2882757     0.2377659
 0.2797880     0.2370806
 0.2715986     0.2362693
 0.2636918     0.2353362
 0.2560436     0.2342846
 0.2486259     0.2331160
 0.2414084     0.2318300
 0.2343615     0.2304270
 0.2274611     0.2289102
 0.2206897     0.2272829
 0.2140351     0.2255481
 0.2074892     0.2237086
 0.2010473     0.2217676
 0.1947076     0.2197287
 0.1884708     0.2175959
 0.1823391     0.2153736
 0.1763160     0.2130655
 0.1704053     0.2106761
 0.1646110     0.2082100
 0.1589375     0.2056725
 0.1533891     0.2030691
 0.1479697     0.2004058
 0.1426831     0.1976887
 0.1375330     0.1949234
 0.1325214     0.1921141
 0.1276476     0.1892635
 0.1229085     0.1863732
 0.1182997     0.1834433
 0.1138156     0.1804730
 0.1094498     0.1774605
 0.1051957     0.1744030
 0.1010460     0.1712968
 0.0969937     0.1681374
 0.0930315     0.1649190
 0.0891509     0.1616367
 0.0853438     0.1582887
 0.0816044     0.1548753
 0.0779298     0.1513988
 0.0743196     0.1478637
 0.0707753     0.1442768
 0.0673006     0.1406473
 0.0639006     0.1369866
 0.0605817     0.1333084
 0.0573508     0.1296279
 0.0542160     0.1259604
 0.0511855     0.1223166
 0.0482650     0.1187035
 0.0454569     0.1151256
 0.0427614     0.1115848
 0.0401766     0.1080815
 0.0377001     0.1046144
 0.0353296     0.1011814
 0.0330627     0.0977802
 0.0308968     0.0944097
 0.0288287     0.0910699
 0.0268554     0.0877611
 0.0249741     0.0844839
 0.0231822     0.0812385
 0.0214769     0.0780254
 0.0198560     0.0748450
 0.0183170     0.0716976
 0.0168574     0.0685836
 0.0154751     0.0655033
 0.0141677     0.0624568
 0.0129329     0.0594440
 0.0117683     0.0564644
 0.0106716     0.0535174
 0.0096404     0.0506023
 0.0086726     0.0477181
 0.0077658     0.0448643
 0.0069176     0.0420408
 0.0061260     0.0392478
 0.0053892     0.0364857
 0.0047052     0.0337548
 0.0040723     0.0310558
 0.0034889     0.0283893
 0.0029533     0.0257560
 0.0024640     0.0231568
 0.0020193     0.0205921
 0.0016178     0.0180628
 0.0012584     0.0155694
 0.0009413     0.0131121
 0.0006666     0.0106905
 0.0004343     0.0083038
 0.0002442     0.0059506
 0.0000964     0.0036294
-0.0000095     0.0013385
-0.0000734    -0.0009241
-0.0000954    -0.0031605
-0.0000754    -0.0053727
-0.0000134    -0.0075631
 0.0000913    -0.0097337
 0.0002405    -0.0118854
 0.0004368    -0.0140189
 0.0006829    -0.0161351
 0.0009817    -0.0182350
 0.0013366    -0.0203201
 0.0017512    -0.0223920
 0.0022296    -0.0244527
 0.0027722    -0.0265060
 0.0033744    -0.0285571
 0.0040315    -0.0306101
 0.0047386    -0.0326686
 0.0054899    -0.0347349
 0.0062790    -0.0368104
 0.0070987    -0.0388950
 0.0079406    -0.0409876
 0.0087954    -0.0430854
 0.0096528    -0.0451842
 0.0105160    -0.0472720
 0.0114553    -0.0493104
 0.0125442    -0.0512764
 0.0137847    -0.0531914
 0.0151633    -0.0550814
 0.0166641    -0.0569697
 0.0182649    -0.0588770
 0.0199337    -0.0608204
 0.0216435    -0.0628035
 0.0233902    -0.0648134
 0.0251740    -0.0668361
 0.0269967    -0.0688594
 0.0288634    -0.0708738
 0.0307822    -0.0728725
 0.0327649    -0.0748523
 0.0348224    -0.0768161
 0.0369610    -0.0787710
 0.0391871    -0.0807237
 0.0415074    -0.0826804
 0.0439281    -0.0846470
 0.0464553    -0.0866288
 0.0490935    -0.0886302
 0.0518450    -0.0906545
 0.0547089    -0.0927028
 0.0576845    -0.0947718
 0.0607720    -0.0968566
 0.0639716    -0.0989518
 0.0672837    -0.1010524
 0.0707093    -0.1031537
 0.0742509    -0.1052515
 0.0779129    -0.1073429
 0.0817032    -0.1094261
 0.0856330    -0.1115012
 0.0897159    -0.1135696
 0.0939670    -0.1156329
 0.0984042    -0.1176924
 0.1030477    -0.1197496
 0.1079211    -0.1218055
 0.1130496    -0.1238656
 0.1184521    -0.1259442
 0.1241334    -0.1280507
 0.1300945    -0.1301753
 0.1363424    -0.1323034
 0.1428984    -0.1344230
 0.1498099    -0.1365267
 0.1571540    -0.1386231
 0.1650263    -0.1407307
 0.1735366    -0.1428703
 0.1827970    -0.1450632
 0.1928852    -0.1473265
 0.2037940    -0.1496483
 0.2154322    -0.1519845
 0.2276375    -0.1542806
 0.2402248    -0.1564751
 0.2531399    -0.1585018
 0.2666130    -0.1603308
 0.2810708    -0.1620082
 0.2966675    -0.1635866
 0.3128198    -0.1650333
 0.3287362    -0.1662291
 0.3441543    -0.1671161
 0.3592619    -0.1676890
 0.3743310    -0.1679647
 0.3895603    -0.1679445
 0.4050893    -0.1676164
 0.4209930    -0.1669701
 0.4372504    -0.1660021
 0.4537123    -0.1647206
 0.4702118    -0.1631242
 0.4868038    -0.1611833
 0.5038501    -0.1588165
 0.5220561    -0.1558878
 0.5420578    -0.1522826
 0.5636909    -0.1480092
 0.5865933    -0.1430491
 0.6122091    -0.1369519
 0.6442488    -0.1287957
 0.6786810    -0.1196978
 0.7101529    -0.1108851
 0.7405311    -0.1022581
 0.7677958    -0.0947043
 0.7911043    -0.0881398
 0.8116088    -0.0820904
 0.8299292    -0.0765131
 0.8459173    -0.0716052
 0.8595325    -0.0674276
 0.8710370    -0.0638689
 0.8808216    -0.0607976
 0.8892532    -0.0581030
 0.8966248    -0.0556996
 0.9031658    -0.0535148
 0.9090611    -0.0514902
 0.9144510    -0.0495823
 0.9194399    -0.0477595
 0.9241077    -0.0460014
 0.9285173    -0.0443099
 0.9327068    -0.0426939
 0.9366977    -0.0411627
 0.9405028    -0.0397240
 0.9441306    -0.0383830
 0.9475881    -0.0371423
 0.9508825    -0.0360015
 0.9540168    -0.0349500
 0.9569887    -0.0339602
 0.9598039    -0.0330068
 0.9624722    -0.0320698
 0.9650054    -0.0311327
 0.9674149    -0.0301817
 0.9697118    -0.0292051
 0.9719058    -0.0281922
 0.9740058    -0.0271327
 0.9760198    -0.0260163
 0.9779548    -0.0248322
 0.9798169    -0.0235684
 0.9816117    -0.0222110
 0.9833516    -0.0207519
 0.9850701    -0.0192120
 0.9867991    -0.0176258
 0.9885461    -0.0160238
 0.9902760    -0.0144072
 0.9919532    -0.0127690
 0.9935486    -0.0110984
 0.9950387    -0.0093808
 0.9964032    -0.0075975
 0.9976232    -0.0057243
 0.9986776    -0.0037287
 0.9995407    -0.0015651
 1.0000000     0.0000000
